id=102
type=0,randStartPhase=0
numSounds=2
soundParam=318 0.207071 0.200000 0.000000 -1.000000 -1.000000
soundParam=318 0.171717 0.200000 0.614583 -1.000000 -1.000000
numSprites=9
numSlots=0
animParam=0.000000 0.000000 0.000000 0.100000 30.000000 0.000000 (0.000000,0.000000) 0.000000 0.000000 0.000000 0.000000 0.000000 1.000000 0.000000 0.100000 0.000000 0.000000 1.000000 0.000000
animParam=0.000000 0.000000 0.000000 0.100000 30.000000 0.500000 (0.000000,0.000000) 0.000000 0.000000 0.000000 0.000000 0.000000 1.000000 0.000000 0.100000 0.000000 0.000000 1.000000 0.500000
animParam=0.000000 0.000000 0.000000 0.100000 30.000000 0.250000 (0.000000,0.000000) 0.000000 0.000000 0.000000 0.000000 0.000000 1.000000 0.000000 0.100000 0.000000 0.000000 1.000000 0.250000
animParam=0.000000 0.000000 0.000000 0.100000 30.000000 0.750000 (0.000000,0.000000) 0.000000 0.000000 0.000000 0.000000 0.000000 1.000000 0.000000 0.100000 0.000000 0.000000 1.000000 0.750000
animParam=0.000000 0.000000 0.000000 0.000000 0.000000 0.000000 (0.000000,0.000000) 0.000000 0.000000 0.000000 0.000000 0.000000 1.000000 0.000000 0.000000 0.000000 0.000000 1.000000 0.000000
animParam=0.000000 0.000000 0.000000 0.000000 0.000000 0.000000 (0.000000,0.000000) 0.000000 0.000000 0.200000 0.005000 0.000000 1.000000 0.000000 0.000000 0.000000 0.000000 1.000000 0.000000
animParam=0.000000 0.000000 0.000000 0.000000 0.000000 0.000000 (0.000000,0.000000) 0.000000 0.000000 0.200000 0.010000 0.468750 1.000000 0.000000 0.000000 0.000000 0.000000 1.000000 0.218750
animParam=0.000000 0.000000 0.000000 0.000000 0.000000 0.000000 (0.000000,0.000000) 0.000000 0.000000 0.200000 0.010000 0.187500 1.000000 0.000000 0.200000 0.000000 0.000000 1.000000 0.000000
animParam=0.000000 0.000000 0.000000 0.000000 0.000000 0.000000 (0.000000,0.000000) 0.000000 0.000000 0.200000 0.010000 0.812500 1.000000 0.000000 0.300000 0.000000 0.000000 1.000000 0.833333