id=220
type=0,randStartPhase=0
numSprites=2
numSlots=0
animParam=0.000000 0.000000 0.000000 0.000000 0.000000 0.000000 (41.000000,19.000000) 0.000000 0.000000 0.000000 0.000000 0.000000 1.000000 0.000000 0.000000 0.000000 0.000000 1.000000 0.000000
animParam=0.000000 0.000000 0.000000 0.000000 0.000000 0.000000 (0.000000,0.000000) 0.000000 0.000000 0.000000 0.000000 0.000000 1.000000 0.000000 0.000000 0.000000 0.000000 1.000000 0.000000