id=220
type=2,randStartPhase=0
numSprites=2
numSlots=0
animParam=0.000000 0.000000 0.000000 0.000000 0.000000 0.000000 (44.000000,19.000000) 0.000000 0.375000 0.000000 0.000000 0.000000 1.000000 0.000000 0.000000 0.000000 0.000000 1.000000 0.000000
animParam=0.000000 0.000000 0.000000 0.000000 0.000000 0.000000 (0.000000,0.000000) 0.000000 0.000000 0.000000 0.000000 0.000000 1.000000 0.000000 0.000000 0.000000 0.000000 1.000000 0.000000