id=235
type=0,randStartPhase=1
numSprites=12
numSlots=0
animParam=0.000000 0.000000 0.000000 0.062500 3.000000 1.000000 (-5.895924,27.819805) 0.000000 0.000000 0.125000 0.010000 1.000000 1.000000 0.000000 0.000000 0.000000 0.000000 1.000000 0.000000
animParam=0.000000 0.000000 0.000000 0.062500 3.000000 1.000000 (-5.895924,27.819805) 0.000000 0.000000 0.125000 0.010000 0.000000 1.000000 0.000000 0.000000 0.000000 0.000000 1.000000 0.000000
animParam=0.000000 0.000000 0.000000 0.000000 0.000000 0.000000 (5.071068,25.644661) 0.000000 0.000000 0.125000 0.010417 0.000000 1.000000 0.000000 0.000000 0.000000 0.000000 1.000000 0.000000
animParam=0.000000 0.000000 0.000000 0.062500 3.000000 1.000000 (-5.895924,27.819805) 0.000000 0.000000 0.125000 0.010000 0.250000 1.000000 0.000000 0.000000 0.000000 0.000000 1.000000 0.000000
animParam=0.000000 0.000000 0.000000 0.000000 0.000000 0.000000 (0.000000,0.000000) 0.000000 0.000000 0.000000 0.000000 0.000000 1.000000 0.000000 0.000000 0.000000 0.000000 1.000000 0.000000
animParam=0.000000 0.000000 0.000000 0.062500 3.000000 1.000000 (-5.895924,27.819805) 0.000000 0.000000 0.125000 0.010000 0.260417 1.000000 0.000000 0.000000 0.000000 0.000000 1.000000 0.000000
animParam=0.000000 0.000000 0.000000 0.062500 3.000000 1.000000 (-5.895924,27.819805) 0.000000 0.000000 0.125000 0.010000 0.666667 1.000000 0.000000 0.000000 0.000000 0.000000 1.000000 0.000000
animParam=0.000000 0.000000 0.000000 0.062500 3.000000 1.000000 (-5.895924,27.819805) 0.000000 0.000000 0.125000 0.010000 0.041667 1.000000 0.000000 0.000000 0.000000 0.000000 1.000000 0.000000
animParam=0.000000 0.000000 0.000000 0.062500 3.000000 1.000000 (-5.895924,27.819805) 0.000000 0.010417 0.187500 0.008000 1.000000 1.000000 0.000000 0.000000 0.000000 0.000000 1.000000 0.000000
animParam=0.000000 0.000000 0.000000 0.062500 3.000000 1.000000 (-5.895924,27.819805) 0.000000 0.000000 0.125000 0.010000 0.000000 1.000000 0.000000 0.000000 0.000000 0.000000 1.000000 0.000000
animParam=0.000000 0.000000 0.000000 0.062500 3.000000 1.000000 (-5.895924,27.819805) 0.000000 0.000000 0.125000 0.010000 0.135417 1.000000 0.000000 0.000000 0.000000 0.000000 1.000000 0.000000
animParam=0.000000 0.000000 0.000000 0.062500 3.000000 1.000000 (-5.895924,27.819805) 0.000000 0.000000 0.125000 0.020833 1.000000 1.000000 0.000000 0.000000 0.000000 0.000000 1.000000 0.000000