id=24
type=2
numSprites=1
numSlots=0
animParam=0.000000 0.000000 0.000000 0.000000 0.000000 0.000000 (0.000000,0.000000) -0.000000 -0.250000 2.000000 0.020833 0.000000 1.000000 0.000000