id=267
type=0,randStartPhase=0
numSounds=4
soundParam=341 0.250000 0.100000 0.000000 -1.000000 -1.000000
soundParam=341 0.250000 0.100000 0.031250 -1.000000 -1.000000
soundParam=341 0.250000 0.100000 0.062500 -1.000000 -1.000000
soundParam=343 0.250000 0.125000 0.000000 -1.000000 -1.000000
numSprites=5
numSlots=0
animParam=0.000000 0.000000 0.000000 0.000000 0.000000 0.000000 (0.000000,0.000000) 0.000000 0.000000 0.000000 0.000000 0.000000 1.000000 0.000000 0.000000 0.000000 0.000000 1.000000 0.000000
animParam=0.000000 0.000000 0.000000 0.000000 0.000000 0.000000 (0.000000,0.000000) 0.000000 0.000000 3.000000 0.060000 0.000000 1.000000 9.000000 0.000000 0.000000 0.000000 1.000000 0.000000
animParam=0.000000 0.000000 0.000000 0.000000 0.000000 0.000000 (0.000000,0.000000) 0.000000 0.000000 0.000000 0.000000 0.000000 1.000000 0.000000 0.000000 0.000000 0.000000 1.000000 0.000000
animParam=0.000000 0.000000 0.000000 0.000000 0.000000 0.000000 (0.000000,0.000000) 0.000000 0.000000 0.000000 0.000000 0.000000 1.000000 0.000000 0.000000 0.000000 0.000000 1.000000 0.000000
animParam=0.000000 0.000000 0.000000 0.000000 0.000000 0.000000 (0.000000,0.000000) 0.000000 0.000000 4.000000 0.050000 0.000000 1.000000 7.000000 0.000000 0.000000 0.000000 1.000000 0.000000