id=85
type=0
numSprites=3
numSlots=0
animParam=0.300000 29.333333 0.000000 0.000000 0.000000 0.000000 (-1.000000,0.000000) 0.000000 0.000000 0.300000 0.156250 0.500000 9.990000 100.000000 0.100000 1.000000 0.000000 1.000000 0.250000
animParam=0.000000 0.000000 0.000000 0.000000 0.000000 0.000000 (0.000000,0.000000) 0.000000 0.000000 0.000000 0.000000 0.000000 1.000000 0.000000 0.000000 0.000000 0.000000 1.000000 0.000000
animParam=0.000000 0.000000 0.500000 0.050000 213.333333 0.000000 (0.000000,0.000000) 0.000000 0.000000 0.000000 0.000000 0.000000 10.000000 100.000000 0.000000 1.000000 0.000000 0.000000 0.000000