id=85
type=0
numSprites=2
numSlots=0
animParam=0.125000 42.666667 0.500000 0.125000 170.666667 0.500000 (0.000000,0.000000) 0.000000 0.000000 1.000000 0.072917 0.000000 2.000000 20.000000 0.125000 1.000000 0.000000 1.000000 0.000000
animParam=0.000000 0.000000 0.000000 0.000000 0.000000 0.000000 (0.000000,0.000000) 0.000000 0.000000 0.000000 0.000000 0.000000 1.000000 0.000000 0.000000 0.000000 0.000000 1.000000 0.000000